0.6097560975609756
0.3902439024390243
0.6097560975609756
0.3902439024390243
0.6097560975609756
0.3902439024390243
0.6097560975609756
0.3902439024390243
0.6097560975609756
0.3902439024390243
0.6097560975609756
0.3902439024390243
0.6097560975609756
0.3902439024390243
0.6097560975609756
0.3902439024390243
0.6097560975609756
0.3902439024390243
0.6097560975609756
0.3902439024390243
0.6097560975609756
0.3902439024390243
0.6097560975609756
0.3902439024390243
0.6097560975609756
0.3902439024390243
0.6097560975609756
0.3902439024390243
0.6097560975609756
0.3902439024390243
0.6097560975609756
0.3902439024390243
0.6097560975609756
0.3902439024390243
0.6097560975609756
0.3902439024390243
0.6097560975609756
0.3902439024390243
0.6097560975609756
0.3902439024390243
0.6097560975609756
0.3902439024390243
0.6097560975609756
0.3902439024390243
0.6097560975609756
0.3902439024390243
0.6097560975609756
0.3902439024390243
0.6097560975609756
0.3902439024390243
0.6097560975609756
0.3902439024390243
0.6097560975609756
0.3902439024390243
0.6097560975609756
0.3902439024390243
0.6097560975609756
0.3902439024390243
0.6097560975609756
0.3902439024390243
0.6097560975609756
0.3902439024390243
0.6097560975609756
0.3902439024390243
0.6097560975609756
0.3902439024390243
0.6097560975609756
0.3902439024390243
0.6097560975609756
0.3902439024390243
0.6097560975609756
0.3902439024390243
0.6097560975609756
0.3902439024390243
0.6097560975609756
0.3902439024390243
0.6097560975609756
0.3902439024390243
0.6097560975609756
0.3902439024390243
0.6097560975609756
0.3902439024390243
0.6097560975609756
0.3902439024390243
0.6097560975609756
0.3902439024390243
0.6097560975609756
0.3902439024390243
0.6097560975609756
0.3902439024390243
0.6097560975609756
0.3902439024390243
0.6097560975609756
0.3902439024390243
0.6097560975609756
0.3902439024390243
0.6097560975609756
0.3902439024390243
0.6097560975609756
0.3902439024390243
0.6097560975609756
0.3902439024390243
0.6097560975609756
0.3902439024390243
0.6097560975609756
0.3902439024390243
0.6097560975609756
0.3902439024390243
0.6097560975609756
0.3902439024390243
0.6097560975609756
0.3902439024390243
0.6097560975609756
0.3902439024390243
0.6097560975609756
0.3902439024390243
0.6097560975609756
0.3902439024390243
0.6097560975609756
0.3902439024390243
0.6097560975609756
0.3902439024390243
0.6097560975609756
0.3902439024390243
0.6097560975609756
0.3902439024390243
0.6097560975609756
0.3902439024390243
0.6097560975609756
0.3902439024390243
0.6097560975609756
0.3902439024390243
0.6097560975609756
0.3902439024390243
0.6097560975609756
0.3902439024390243
0.6097560975609756
0.3902439024390243
0.6097560975609756
0.3902439024390243
0.6097560975609756
0.3902439024390243
0.6097560975609756
0.3902439024390243
0.6097560975609756
0.3902439024390243
0.6097560975609756
0.3902439024390243
0.6097560975609756
0.3902439024390243
0.6097560975609756
0.3902439024390243
0.6097560975609756
0.3902439024390243
0.6097560975609756
0.3902439024390243
0.6097560975609756
0.3902439024390243
0.6097560975609756
0.3902439024390243
0.6097560975609756
0.3902439024390243
0.6097560975609756
0.3902439024390243
0.6097560975609756
0.3902439024390243
0.6097560975609756
0.3902439024390243
0.6097560975609756
0.3902439024390243
0.6097560975609756
0.3902439024390243
0.6097560975609756
0.3902439024390243
0.6097560975609756
0.3902439024390243
0.6097560975609756
0.3902439024390243
0.6097560975609756
0.3902439024390243
0.6097560975609756
0.3902439024390243
0.6097560975609756
0.3902439024390243
0.6097560975609756
0.3902439024390243
0.6097560975609756
0.3902439024390243
0.6097560975609756
0.3902439024390243
0.6097560975609756
0.3902439024390243
0.6097560975609756
0.3902439024390243
0.6097560975609756
0.3902439024390243
0.6097560975609756
0.3902439024390243
0.6097560975609756
0.3902439024390243

60.9756097560977
48.78048780487796
