0.048558421851289835
0.02731411229135053
0.07587253414264036
0.07587253414264036
0.30349013657056145
0.012139605462822459
0.07587253414264036
0.07587253414264036
0.01896813353566009
0.01896813353566009
0.02731411229135053
0.012139605462822459
0.048558421851289835
0.02731411229135053
0.07587253414264036
0.07587253414264036
0.048558421851289835
0.02731411229135053
0.07587253414264036
0.07587253414264036
0.30349013657056145
0.012139605462822459
0.07587253414264036
0.07587253414264036
0.01896813353566009
0.01896813353566009
0.02731411229135053
0.012139605462822459
0.048558421851289835
0.02731411229135053
0.07587253414264036
0.07587253414264036
0.048558421851289835
0.02731411229135053
0.07587253414264036
0.07587253414264036
0.30349013657056145
0.012139605462822459
0.07587253414264036
0.07587253414264036
0.01896813353566009
0.01896813353566009
0.02731411229135053
0.012139605462822459
0.048558421851289835
0.02731411229135053
0.07587253414264036
0.07587253414264036
0.048558421851289835
0.02731411229135053
0.07587253414264036
0.07587253414264036
0.30349013657056145
0.012139605462822459
0.07587253414264036
0.07587253414264036
0.01896813353566009
0.01896813353566009
0.02731411229135053
0.012139605462822459
0.048558421851289835
0.02731411229135053
0.07587253414264036
0.07587253414264036
0.048558421851289835
0.02731411229135053
0.07587253414264036
0.07587253414264036
0.30349013657056145
0.012139605462822459
0.07587253414264036
0.07587253414264036
0.01896813353566009
0.01896813353566009
0.02731411229135053
0.012139605462822459
0.048558421851289835
0.02731411229135053
0.07587253414264036
0.07587253414264036
0.048558421851289835
0.02731411229135053
0.07587253414264036
0.07587253414264036
0.30349013657056145
0.012139605462822459
0.07587253414264036
0.07587253414264036
0.01896813353566009
0.01896813353566009
0.02731411229135053
0.012139605462822459
0.048558421851289835
0.02731411229135053
0.07587253414264036
0.07587253414264036
0.048558421851289835
0.02731411229135053
0.07587253414264036
0.07587253414264036
0.30349013657056145
0.012139605462822459
0.07587253414264036
0.07587253414264036
0.01896813353566009
0.01896813353566009
0.02731411229135053
0.012139605462822459
0.048558421851289835
0.02731411229135053
0.07587253414264036
0.07587253414264036
0.048558421851289835
0.02731411229135053
0.07587253414264036
0.07587253414264036
0.30349013657056145
0.012139605462822459
0.07587253414264036
0.07587253414264036
0.01896813353566009
0.01896813353566009
0.02731411229135053
0.012139605462822459
0.048558421851289835
0.02731411229135053
0.07587253414264036
0.07587253414264036
0.048558421851289835
0.02731411229135053
0.07587253414264036
0.07587253414264036
0.30349013657056145
0.012139605462822459
0.07587253414264036
0.07587253414264036
0.01896813353566009
0.01896813353566009
0.02731411229135053
0.012139605462822459
0.048558421851289835
0.02731411229135053
0.07587253414264036
0.07587253414264036
0.048558421851289835
0.02731411229135053
0.07587253414264036
0.07587253414264036
0.30349013657056145
0.012139605462822459
0.07587253414264036
0.07587253414264036
0.01896813353566009
0.01896813353566009
0.02731411229135053
0.012139605462822459
0.048558421851289835
0.02731411229135053
0.07587253414264036
0.07587253414264036
0.048558421851289835
0.02731411229135053
0.07587253414264036
0.07587253414264036
0.30349013657056145
0.012139605462822459
0.07587253414264036
0.07587253414264036
0.01896813353566009
0.01896813353566009
0.02731411229135053
0.012139605462822459
0.048558421851289835
0.02731411229135053
0.07587253414264036
0.07587253414264036
0.048558421851289835
0.02731411229135053
0.07587253414264036
0.07587253414264036
0.30349013657056145
0.012139605462822459
0.07587253414264036
0.07587253414264036
0.01896813353566009
0.01896813353566009
0.02731411229135053
0.012139605462822459
0.048558421851289835
0.02731411229135053
0.07587253414264036
0.07587253414264036
0.048558421851289835
0.02731411229135053
0.07587253414264036
0.07587253414264036
0.30349013657056145
0.012139605462822459
0.07587253414264036
0.07587253414264036
0.01896813353566009
0.01896813353566009
0.02731411229135053
0.012139605462822459
0.048558421851289835
0.02731411229135053
0.07587253414264036
0.07587253414264036
0.048558421851289835
0.02731411229135053
0.07587253414264036
0.07587253414264036
0.30349013657056145
0.012139605462822459
0.07587253414264036
0.07587253414264036
0.01896813353566009
0.01896813353566009
0.02731411229135053
0.012139605462822459
0.048558421851289835
0.02731411229135053
0.07587253414264036
0.07587253414264036
0.048558421851289835
0.02731411229135053
0.07587253414264036
0.07587253414264036
0.30349013657056145
0.012139605462822459
0.07587253414264036
0.07587253414264036
0.01896813353566009
0.01896813353566009
0.02731411229135053
0.012139605462822459
0.048558421851289835
0.02731411229135053
0.07587253414264036
0.07587253414264036
0.048558421851289835
0.02731411229135053
0.07587253414264036
0.07587253414264036
0.30349013657056145
0.012139605462822459
0.07587253414264036
0.07587253414264036
0.01896813353566009
0.01896813353566009
0.02731411229135053
0.012139605462822459
0.048558421851289835
0.02731411229135053
0.07587253414264036
0.07587253414264036
0.048558421851289835
0.02731411229135053
0.07587253414264036
0.07587253414264036
0.30349013657056145
0.012139605462822459
0.07587253414264036
0.07587253414264036
0.01896813353566009
0.01896813353566009
0.02731411229135053
0.012139605462822459
0.048558421851289835
0.02731411229135053
0.07587253414264036
0.07587253414264036
0.048558421851289835
0.02731411229135053
0.07587253414264036
0.07587253414264036
0.30349013657056145
0.012139605462822459
0.07587253414264036
0.07587253414264036
0.01896813353566009
0.01896813353566009
0.02731411229135053
0.012139605462822459
0.048558421851289835
0.02731411229135053
0.07587253414264036
0.07587253414264036
0.048558421851289835
0.02731411229135053
0.07587253414264036
0.07587253414264036
0.30349013657056145
0.012139605462822459
0.07587253414264036
0.07587253414264036
0.01896813353566009
0.01896813353566009
0.02731411229135053
0.012139605462822459
0.048558421851289835
0.02731411229135053
0.07587253414264036
0.07587253414264036
0.048558421851289835
0.02731411229135053
0.07587253414264036
0.07587253414264036
0.30349013657056145
0.012139605462822459
0.07587253414264036
0.07587253414264036
0.01896813353566009
0.01896813353566009
0.02731411229135053
0.012139605462822459
0.048558421851289835
0.02731411229135053
0.07587253414264036
0.07587253414264036
0.048558421851289835
0.02731411229135053
0.07587253414264036
0.07587253414264036
0.30349013657056145
0.012139605462822459
0.07587253414264036
0.07587253414264036
0.01896813353566009
0.01896813353566009
0.02731411229135053
0.012139605462822459
0.048558421851289835
0.02731411229135053
0.07587253414264036
0.07587253414264036
0.048558421851289835
0.02731411229135053
0.07587253414264036
0.07587253414264036
0.30349013657056145
0.012139605462822459
0.07587253414264036
0.07587253414264036
0.01896813353566009
0.01896813353566009
0.02731411229135053
0.012139605462822459
0.048558421851289835
0.02731411229135053
0.07587253414264036
0.07587253414264036
0.048558421851289835
0.02731411229135053
0.07587253414264036
0.07587253414264036
0.30349013657056145
0.012139605462822459
0.07587253414264036
0.07587253414264036
0.01896813353566009
0.01896813353566009
0.02731411229135053
0.012139605462822459
0.048558421851289835
0.02731411229135053
0.07587253414264036
0.07587253414264036
0.048558421851289835
0.02731411229135053
0.07587253414264036
0.07587253414264036
0.30349013657056145
0.012139605462822459
0.07587253414264036
0.07587253414264036
0.01896813353566009
0.01896813353566009
0.02731411229135053
0.012139605462822459
0.048558421851289835
0.02731411229135053
0.07587253414264036
0.07587253414264036
0.048558421851289835
0.02731411229135053
0.07587253414264036
0.07587253414264036
0.30349013657056145
0.012139605462822459
0.07587253414264036
0.07587253414264036
0.01896813353566009
0.01896813353566009
0.02731411229135053
0.012139605462822459
0.048558421851289835
0.02731411229135053
0.07587253414264036
0.07587253414264036
0.048558421851289835
0.02731411229135053
0.07587253414264036
0.07587253414264036
0.30349013657056145
0.012139605462822459
0.07587253414264036
0.07587253414264036
0.01896813353566009
0.01896813353566009
0.02731411229135053
0.012139605462822459
0.048558421851289835
0.02731411229135053
0.07587253414264036
0.07587253414264036
0.048558421851289835
0.02731411229135053
0.07587253414264036
0.07587253414264036
0.30349013657056145
0.012139605462822459
0.07587253414264036
0.07587253414264036
0.01896813353566009
0.01896813353566009
0.02731411229135053
0.012139605462822459
0.048558421851289835
0.02731411229135053
0.07587253414264036
0.07587253414264036
0.048558421851289835
0.02731411229135053
0.07587253414264036
0.07587253414264036
0.30349013657056145
0.012139605462822459
0.07587253414264036
0.07587253414264036
0.01896813353566009
0.01896813353566009
0.02731411229135053
0.012139605462822459
0.048558421851289835
0.02731411229135053
0.07587253414264036
0.07587253414264036
0.048558421851289835
0.02731411229135053
0.07587253414264036
0.07587253414264036
0.30349013657056145
0.012139605462822459
0.07587253414264036
0.07587253414264036
0.01896813353566009
0.01896813353566009
0.02731411229135053
0.012139605462822459
0.048558421851289835
0.02731411229135053
0.07587253414264036
0.07587253414264036
0.048558421851289835
0.02731411229135053
0.07587253414264036
0.07587253414264036
0.30349013657056145
0.012139605462822459
0.07587253414264036
0.07587253414264036
0.01896813353566009
0.01896813353566009
0.02731411229135053
0.012139605462822459
0.048558421851289835
0.02731411229135053
0.07587253414264036
0.07587253414264036

182.0940819423368
136.57056145675264
227.61760242792116
227.61760242792116
455.2352048558423
91.0470409711684
227.61760242792116
227.61760242792116
113.80880121396058
113.80880121396058
136.57056145675264
91.0470409711684
182.0940819423368
136.57056145675264
227.61760242792116
227.61760242792116
